object InterestVector {
  //Variable
  val L1 = Array(0, 1, 2, 3, 4, 5, 6, 7, 8, 9, 10, 13, 14, 15, 16, 17, 18, 20, 21, 22)
  val L2 = Array(24, 25, 26, 27, 29, 31, 32, 33, 34, 35, 36, 40, 41, 42, 43, 44, 45, 46, 47, 50, 52, 54, 56, 59, 60, 61, 63, 69, 70, 71, 75, 76, 80, 81, 82, 83, 84, 85, 86, 87, 88, 89, 90, 91, 92, 93, 94, 95, 96, 97, 98, 99, 100, 101, 102, 103, 108, 112, 113, 114, 116, 117, 119, 120, 121, 122, 123, 124, 125, 126, 128, 129, 130, 131, 136, 137, 138, 141, 142, 143, 144, 145, 146, 149, 150, 151, 154, 158, 159, 161, 162, 163, 164, 165)
  val L3 = Array(166, 167, 170, 171, 201, 205, 215, 219, 222, 225, 226, 227, 228, 229, 230, 231, 232, 233, 237, 238, 239, 240, 241, 242, 245, 246, 248, 249, 250, 251, 252, 257, 258, 260, 263, 264, 265, 266, 267, 268, 270, 273, 275, 277, 278, 279, 280, 281, 283, 288, 289, 291, 293, 294, 295, 296, 297, 298, 300, 301, 304, 305, 306, 307, 308, 309, 310, 313, 318, 319, 321, 323, 324, 326, 327, 328, 329, 331, 333, 336, 337, 355, 356, 357, 359, 377, 379, 380, 381, 382, 384, 387, 391, 394, 397, 399, 400, 401, 426, 427, 428, 429, 430, 432, 433, 435, 438, 440, 441, 442, 443, 444, 445, 447, 448, 450, 451, 452, 453, 454, 455, 456, 457, 458, 459, 460, 462, 463, 464, 465, 466, 467, 468, 469, 470, 471, 472, 473, 474)
  val L4 = Array(490, 491, 492, 493, 494, 495, 496, 497, 509, 510, 536, 538, 546, 561, 563, 581, 582, 583, 584, 585, 586, 600, 606, 607, 608, 609, 610, 611, 612, 613, 616, 618, 619, 620, 621, 622, 623, 624, 626, 628, 629, 631, 632, 633, 634, 636, 638, 639)
  val C1 = Array(0, 24, 25, 26, 166, 167, 170, 171, 201, 205)
  val C2 = Array(1, 27, 29, 215, 219, 222, 225, 226, 227, 228)
  val C3 = Array(2, 31, 32, 33, 34, 229, 230, 231, 232, 233, 237, 238, 239)
  val C4 = Array(3, 35, 36, 40)
  val C5 = Array(4, 41, 42, 43, 44, 45, 240, 241, 242, 245, 246, 248, 249, 250, 251, 252, 490, 491, 492, 493, 494, 495, 496, 497)
  val C6 = Array(5, 46, 47, 50, 52, 54, 56, 59, 60, 61, 63, 69, 70, 257, 258, 260)
  val C7 = Array(6, 71, 75, 76, 263, 264, 265, 266, 267, 268, 270, 509, 510)
  val C8 = Array(7, 80, 81, 82, 83, 84, 273, 275)
  val C9 = Array(8, 85, 86, 87, 88, 89, 90, 91, 92, 93, 277, 278, 279, 280, 281, 283, 288, 289, 291, 293, 294, 295)
  val C10 = Array(9, 94, 95, 96, 97, 98, 296)
  val C11 = Array(10, 99, 100, 297, 298, 300, 301, 304, 305, 306, 307, 308, 309, 536, 538)
  val C12 = Array(101, 102, 103, 310, 313)
  val C13 = Array()
  val C14 = Array(13, 108, 318, 319, 321, 323, 324, 326, 327, 328, 329, 331, 333, 336, 337, 546)
  val C15 = Array(14, 112)
  val C16 = Array(15, 113, 114, 116, 117, 119, 120, 121, 122, 123, 124, 125, 126, 128, 355, 356, 357, 359, 377, 379, 380, 381, 382, 384, 387, 391, 394, 397, 399, 400, 401, 426, 427, 428, 429, 430, 432, 433, 435, 438, 440, 441, 442, 443, 444, 445, 447, 561, 563)
  val C17 = Array(16, 129, 130, 131, 448, 450, 451)
  val C18 = Array(17)
  val C19 = Array(18, 136, 137, 138)
  val C20 = Array(452, 453, 454, 455)
  val C21 = Array(20, 141, 142, 143, 144, 145, 146, 456, 457, 458, 459, 460, 462, 463, 464, 465, 466, 467, 468, 469, 470, 471, 472, 473, 474, 581, 582, 583, 584, 585, 586, 600, 606, 607, 608, 609, 610, 611, 612, 613, 616, 618, 619, 620, 621, 622, 623, 624, 626, 628, 629, 631, 632, 633, 634, 636, 638, 639)
  val C22 = Array(21, 149, 150, 151, 154)
  val C23 = Array(22, 158, 159, 161, 162, 163, 164, 165)

  val Ll1 = L1.length
  val Ll2 = L2.length
  val Ll3 = L3.length
  val Ll4 = L4.length
  val Ll = Ll1 + Ll2 + Ll3 + Ll4
  val Lc1 = C1.length
  val Lc2 = C2.length
  val Lc3 = C3.length
  val Lc4 = C4.length
  val Lc5 = C5.length
  val Lc6 = C6.length
  val Lc7 = C7.length
  val Lc8 = C8.length
  val Lc9 = C9.length
  val Lc10 = C10.length
  val Lc11 = C11.length
  val Lc12 = C12.length
  val Lc13 = C13.length
  val Lc14 = C14.length
  val Lc15 = C15.length
  val Lc16 = C16.length
  val Lc17 = C17.length
  val Lc18 = C18.length
  val Lc19 = C19.length
  val Lc20 = C20.length
  val Lc21 = C21.length
  val Lc22 = C22.length
  val Lc23 = C23.length
}